2
1
8 3 
100
5 5 1 0 1 0
64 5 2 4 2 0
123 5 1 4 2 0
182 5 2 4 2 1
241 5 0 4 2 -1
300 5 0 4 2 -1
359 5 0 4 2 -1
418 5 0 4 2 -1
477 5 0 4 2 -1
536 5 0 1 1 -1
5 64 1 6 2 0
64 64 0 8 3 0
123 64 1 8 3 0
182 64 1 8 3 1
241 64 0 8 3 -1
300 64 0 8 3 -1
359 64 0 8 3 -1
418 64 0 8 3 -1
477 64 0 8 3 -1
536 64 0 7 2 -1
5 123 1 6 2 0
64 123 1 8 3 0
123 123 0 8 3 -1
182 123 0 8 3 -1
241 123 0 8 3 -1
300 123 0 8 3 -1
359 123 0 8 3 -1
418 123 0 8 3 -1
477 123 0 8 3 -1
536 123 0 7 2 -1
5 182 0 6 2 -1
64 182 0 8 3 -1
123 182 0 8 3 -1
182 182 0 8 3 -1
241 182 0 8 3 -1
300 182 0 8 3 -1
359 182 0 8 3 -1
418 182 0 8 3 -1
477 182 0 8 3 -1
536 182 0 7 2 -1
5 241 0 6 2 -1
64 241 0 8 3 -1
123 241 0 8 3 -1
182 241 0 8 3 -1
241 241 0 8 3 -1
300 241 0 8 3 -1
359 241 0 8 3 -1
418 241 0 8 3 -1
477 241 0 8 3 -1
536 241 0 7 2 -1
5 300 0 6 2 -1
64 300 0 8 3 -1
123 300 0 8 3 -1
182 300 0 8 3 -1
241 300 0 8 3 -1
300 300 0 8 3 -1
359 300 0 8 3 -1
418 300 0 8 3 -1
477 300 0 8 3 -1
536 300 0 7 2 -1
5 359 0 6 2 -1
64 359 0 8 3 -1
123 359 0 8 3 -1
182 359 0 8 3 -1
241 359 0 8 3 -1
300 359 0 8 3 -1
359 359 0 8 3 -1
418 359 0 8 3 -1
477 359 0 8 3 -1
536 359 0 7 2 -1
5 418 0 6 2 -1
64 418 0 8 3 -1
123 418 0 8 3 -1
182 418 0 8 3 -1
241 418 0 8 3 -1
300 418 0 8 3 -1
359 418 0 8 3 -1
418 418 0 8 3 -1
477 418 0 8 3 -1
536 418 0 7 2 -1
5 477 0 6 2 -1
64 477 0 8 3 -1
123 477 0 8 3 -1
182 477 0 8 3 -1
241 477 0 8 3 -1
300 477 0 8 3 -1
359 477 0 8 3 -1
418 477 0 8 3 -1
477 477 0 8 3 -1
536 477 0 7 2 -1
5 536 0 3 1 -1
64 536 0 5 2 -1
123 536 0 5 2 -1
182 536 0 5 2 -1
241 536 0 5 2 -1
300 536 0 5 2 -1
359 536 0 5 2 -1
418 536 0 5 2 -1
477 536 0 5 2 -1
536 536 0 2 1 -1
